crdc1.pad.slope[0] = 0.0;
crdc1.pad.slope[1] = 0.0;
crdc1.pad.slope[2] = 0.0;
crdc1.pad.slope[3] = 0.0;
crdc1.pad.slope[4] = 0.0;
crdc1.pad.slope[5] = 0.0;
crdc1.pad.slope[6] = 0.0;
crdc1.pad.slope[7] = 0.0;
crdc1.pad.slope[8] = 0.0;
crdc1.pad.slope[9] = 0.0;
crdc1.pad.slope[10] = 0.0;
crdc1.pad.slope[11] = 0.0;
crdc1.pad.slope[12] = 0.0;
crdc1.pad.slope[13] = 0.0;
crdc1.pad.slope[14] = 0.0;
crdc1.pad.slope[15] = 0.0;
crdc1.pad.slope[16] = 0.0;
crdc1.pad.slope[17] = 0.0;
crdc1.pad.slope[18] = 0.0;
crdc1.pad.slope[19] = 0.0;
crdc1.pad.slope[20] = 0.0;
crdc1.pad.slope[21] = 0.0;
crdc1.pad.slope[22] = 0.0;
crdc1.pad.slope[23] = 0.0;
crdc1.pad.slope[24] = 0.0;
crdc1.pad.slope[25] = 0.0;
crdc1.pad.slope[26] = 0.0;
crdc1.pad.slope[27] = 0.0;
crdc1.pad.slope[28] = 0.0;
crdc1.pad.slope[29] = 0.0;
crdc1.pad.slope[30] = 0.0;
crdc1.pad.slope[31] = 0.0;
crdc1.pad.slope[32] = 0.0;
crdc1.pad.slope[33] = 0.0;
crdc1.pad.slope[34] = 0.0;
crdc1.pad.slope[35] = 0.0;
crdc1.pad.slope[36] = 0.0;
crdc1.pad.slope[37] = 0.0;
crdc1.pad.slope[38] = 0.0;
crdc1.pad.slope[39] = 0.0;
crdc1.pad.slope[40] = 0.0;
crdc1.pad.slope[41] = 0.0;
crdc1.pad.slope[42] = 0.0;
crdc1.pad.slope[43] = 0.0;
crdc1.pad.slope[44] = 0.0;
crdc1.pad.slope[45] = 0.0;
crdc1.pad.slope[46] = 0.0;
crdc1.pad.slope[47] = 0.0;
crdc1.pad.slope[48] = 0.0;
crdc1.pad.slope[49] = 0.0;
crdc1.pad.slope[50] = 0.0;
crdc1.pad.slope[51] = 0.0;
crdc1.pad.slope[52] = 0.0;
crdc1.pad.slope[53] = 0.853374;
crdc1.pad.slope[54] = 0.0;
crdc1.pad.slope[55] = 0.979003;
crdc1.pad.slope[56] = 0.0;
crdc1.pad.slope[57] = 1.0733;
crdc1.pad.slope[58] = 0.941408;
crdc1.pad.slope[59] = 0.916738;
crdc1.pad.slope[60] = 0.965539;
crdc1.pad.slope[61] = 0.902861;
crdc1.pad.slope[62] = 0.989008;
crdc1.pad.slope[63] = 0.0;
crdc1.pad.slope[64] = 0.0;
crdc1.pad.slope[65] = 1.13046;
crdc1.pad.slope[66] = 0.962014;
crdc1.pad.slope[67] = 0.996673;
crdc1.pad.slope[68] = 1.03662;
crdc1.pad.slope[69] = 1.07082;
crdc1.pad.slope[70] = 1.17469;
crdc1.pad.slope[71] = 1.11029;
crdc1.pad.slope[72] = 1.09555;
crdc1.pad.slope[73] = 1.04327;
crdc1.pad.slope[74] = 0.999283;
crdc1.pad.slope[75] = 0.997279;
crdc1.pad.slope[76] = 1.02434;
crdc1.pad.slope[77] = 1.04546;
crdc1.pad.slope[78] = 1.06458;
crdc1.pad.slope[79] = 1.08053;
crdc1.pad.slope[80] = 1.12706;
crdc1.pad.slope[81] = 1.12656;
crdc1.pad.slope[82] = 1.0;
crdc1.pad.slope[83] = 1.02154;
crdc1.pad.slope[84] = 0.998419;
crdc1.pad.slope[85] = 1.0002;
crdc1.pad.slope[86] = 1.13609;
crdc1.pad.slope[87] = 1.02457;
crdc1.pad.slope[88] = 0.963181;
crdc1.pad.slope[89] = 1.01959;
crdc1.pad.slope[90] = 0.961213;
crdc1.pad.slope[91] = 0.955126;
crdc1.pad.slope[92] = 0.965258;
crdc1.pad.slope[93] = 0.956805;
crdc1.pad.slope[94] = 0.999525;
crdc1.pad.slope[95] = 0.0;
crdc1.pad.slope[96] = 0.0;
crdc1.pad.slope[97] = 0.0;
crdc1.pad.slope[98] = 0.0;
crdc1.pad.slope[99] = 0.0;
crdc1.pad.slope[100] = 0.0;
crdc1.pad.slope[101] = 0.0;
crdc1.pad.slope[102] = 0.0;
crdc1.pad.slope[103] = 0.0;
crdc1.pad.slope[104] = 0.0;
crdc1.pad.slope[105] = 0.;
crdc1.pad.slope[106] = 0.0;
crdc1.pad.slope[107] = 0.0;
crdc1.pad.slope[108] = 0.0;
crdc1.pad.slope[109] = 0.0;
crdc1.pad.slope[110] = 0.0;
crdc1.pad.slope[111] = 0.0;
crdc1.pad.slope[112] = 0.0;
crdc1.pad.slope[113] = 0.0;
crdc1.pad.slope[114] = 0.0;
crdc1.pad.slope[115] = 0.0;
crdc1.pad.slope[116] = 0.0;
crdc1.pad.slope[117] = 0.0;
crdc1.pad.slope[118] = 0.0;
crdc1.pad.slope[119] = 0.0;
crdc1.pad.slope[120] = 0.0;
crdc1.pad.slope[121] = 0.0;
crdc1.pad.slope[122] = 0.0;
crdc1.pad.slope[123] = 0.0;
crdc1.pad.slope[124] = 0.0;
crdc1.pad.slope[125] = 0.0;
crdc1.pad.slope[126] = 0.0;
crdc1.pad.slope[127] = 0.0;
