crdc2.pad.slope[0] = 0.0;
crdc2.pad.slope[1] = 0.0;
crdc2.pad.slope[2] = 0.0;
crdc2.pad.slope[3] = 0.0;
crdc2.pad.slope[4] = 0.0;
crdc2.pad.slope[5] = 0.0;
crdc2.pad.slope[6] = 0.0;
crdc2.pad.slope[7] = 0.0;
crdc2.pad.slope[8] = 0.0;
crdc2.pad.slope[9] = 0.0;
crdc2.pad.slope[10] = 0.0;
crdc2.pad.slope[11] = 0.0;
crdc2.pad.slope[12] = 0.0;
crdc2.pad.slope[13] = 0.0;
crdc2.pad.slope[14] = 0.0;
crdc2.pad.slope[15] = 0.0;
crdc2.pad.slope[16] = 0.0;
crdc2.pad.slope[17] = 1.1291;
crdc2.pad.slope[18] = 1.11105;
crdc2.pad.slope[19] = 1.12955;
crdc2.pad.slope[20] = 1.05275;
crdc2.pad.slope[21] = 1.12049;
crdc2.pad.slope[22] = 1.16473;
crdc2.pad.slope[23] = 1.116398;
crdc2.pad.slope[24] = 1.0;
crdc2.pad.slope[25] = 1.12072;
crdc2.pad.slope[26] = 1.11411;
crdc2.pad.slope[27] = 1.12373;
crdc2.pad.slope[28] = 1.08547;
crdc2.pad.slope[29] = 1.17154;
crdc2.pad.slope[30] = 1.0;
crdc2.pad.slope[31] = 0.885421;
crdc2.pad.slope[32] = 1.0;
crdc2.pad.slope[33] = 0.989287;
crdc2.pad.slope[34] = 0.924525;
crdc2.pad.slope[35] = 0.919121;
crdc2.pad.slope[36] = 0.941853;
crdc2.pad.slope[37] = 0.928654;
crdc2.pad.slope[38] = 0.908479;
crdc2.pad.slope[39] = 0.961727;
crdc2.pad.slope[40] = 0.956373;
crdc2.pad.slope[41] = 0.958875;
crdc2.pad.slope[42] = 0.930079;
crdc2.pad.slope[43] = 0.971875;
crdc2.pad.slope[44] = 0.912643;
crdc2.pad.slope[45] = 0.981854;
crdc2.pad.slope[46] = 0.944558;
crdc2.pad.slope[47] = 0.980674;
crdc2.pad.slope[48] = 1.04558;
crdc2.pad.slope[49] = 1.082067;
crdc2.pad.slope[50] = 1.02389;
crdc2.pad.slope[51] = 0.988079;
crdc2.pad.slope[52] = 1.01782;
crdc2.pad.slope[53] = 0.982526;
crdc2.pad.slope[54] = 0.973654;
crdc2.pad.slope[55] = 0.977999;
crdc2.pad.slope[56] = 1.00738;
crdc2.pad.slope[57] = 1.00351;
crdc2.pad.slope[58] = 1.00457;
crdc2.pad.slope[59] = 0.978344;
crdc2.pad.slope[60] = 0.984315;
crdc2.pad.slope[61] = 0.979107;
crdc2.pad.slope[62] = 1.00851;
crdc2.pad.slope[63] = 1.02938;
crdc2.pad.slope[64] = 0.88726;
crdc2.pad.slope[65] = 0.905511;
crdc2.pad.slope[66] = 0.874944;
crdc2.pad.slope[67] = 0.857233;
crdc2.pad.slope[68] = 0.853763;
crdc2.pad.slope[69] = 0.845667;
crdc2.pad.slope[70] = 0.857155;
crdc2.pad.slope[71] = 0.835963;
crdc2.pad.slope[72] = 0.847046;
crdc2.pad.slope[73] = 0.871369;
crdc2.pad.slope[74] = 0.853206;
crdc2.pad.slope[75] = 0.854523;
crdc2.pad.slope[76] = 0.834092;
crdc2.pad.slope[77] = 0.868957;
crdc2.pad.slope[78] = 0.874941;
crdc2.pad.slope[79] = 0.925591;
crdc2.pad.slope[80] = 1.28446;
crdc2.pad.slope[81] = 1.03237;
crdc2.pad.slope[82] = 1.0513;
crdc2.pad.slope[83] = 1.02732;
crdc2.pad.slope[84] = 1;
crdc2.pad.slope[85] = 1.00416;
crdc2.pad.slope[86] = 1.04501;
crdc2.pad.slope[87] = 1.03702;
crdc2.pad.slope[88] = 0.993433;
crdc2.pad.slope[89] = 0.980824;
crdc2.pad.slope[90] = 1.0045;
crdc2.pad.slope[91] = 0.989812;
crdc2.pad.slope[92] = 0.975155;
crdc2.pad.slope[93] = 0.998616;
crdc2.pad.slope[94] = 1.02461;
crdc2.pad.slope[95] = 1.035;
crdc2.pad.slope[96] = 1.0;
crdc2.pad.slope[97] = 1.12098;
crdc2.pad.slope[98] = 1.11883;
crdc2.pad.slope[99] = 1.16922;
crdc2.pad.slope[100] = 1.10627;
crdc2.pad.slope[101] = 1.14291;
crdc2.pad.slope[102] = 1.15851;
crdc2.pad.slope[103] = 1.17044;
crdc2.pad.slope[104] = 1.14031;
crdc2.pad.slope[105] = 1.15218;
crdc2.pad.slope[106] = 1.17172;
crdc2.pad.slope[107] = 1.13863;
crdc2.pad.slope[108] = 1.1;
crdc2.pad.slope[109] = 1.14911;
crdc2.pad.slope[110] = 1.18493;
crdc2.pad.slope[111] = 1.05679;
crdc2.pad.slope[112] = 1.01742;
crdc2.pad.slope[113] = 0.970342;
crdc2.pad.slope[114] = 0.940808;
crdc2.pad.slope[115] = 0.90179;
crdc2.pad.slope[116] = 0.907951;
crdc2.pad.slope[117] = 0.924792;
crdc2.pad.slope[118] = 0.963212;
crdc2.pad.slope[119] = 0.982035;
crdc2.pad.slope[120] = 0.992869;
crdc2.pad.slope[121] = 1.00687;
crdc2.pad.slope[122] = 1.0251;
crdc2.pad.slope[123] = 1.07908;
crdc2.pad.slope[124] = 1.25966;
crdc2.pad.slope[125] = 1.0;
crdc2.pad.slope[126] = 0.0;
crdc2.pad.slope[127] = 0.0;
