crdc1.pad.slope[0] = 1.0;
crdc1.pad.slope[1] = 1.0;
crdc1.pad.slope[2] = 1.0;
crdc1.pad.slope[3] = 1.0;
crdc1.pad.slope[4] = 1.0;
crdc1.pad.slope[5] = 1.0;
crdc1.pad.slope[6] = 1.0;
crdc1.pad.slope[7] = 1.0;
crdc1.pad.slope[8] = 1.0;
crdc1.pad.slope[9] = 1.0;
crdc1.pad.slope[10] = 1.0;
crdc1.pad.slope[11] = 1.0;
crdc1.pad.slope[12] = 1.0;
crdc1.pad.slope[13] = 1.0;
crdc1.pad.slope[14] = 1.0;
crdc1.pad.slope[15] = 1.0;
crdc1.pad.slope[16] = 1.0;
crdc1.pad.slope[17] = 1.0;
crdc1.pad.slope[18] = 1.0;
crdc1.pad.slope[19] = 1.0;
crdc1.pad.slope[20] = 1.0;
crdc1.pad.slope[21] = 1.0;
crdc1.pad.slope[22] = 1.0;
crdc1.pad.slope[23] = 1.0;
crdc1.pad.slope[24] = 1.0;
crdc1.pad.slope[25] = 1.0;
crdc1.pad.slope[26] = 1.0;
crdc1.pad.slope[27] = 1.0;
crdc1.pad.slope[28] = 1.0;
crdc1.pad.slope[29] = 1.0;
crdc1.pad.slope[30] = 1.0;
crdc1.pad.slope[31] = 1.0;
crdc1.pad.slope[32] = 1.0;
crdc1.pad.slope[33] = 1.0;
crdc1.pad.slope[34] = 1.0;
crdc1.pad.slope[35] = 1.0;
crdc1.pad.slope[36] = 1.0;
crdc1.pad.slope[37] = 1.0;
crdc1.pad.slope[38] = 1.0;
crdc1.pad.slope[39] = 1.0;
crdc1.pad.slope[40] = 1.0;
crdc1.pad.slope[41] = 1.0;
crdc1.pad.slope[42] = 1.0;
crdc1.pad.slope[43] = 1.0;
crdc1.pad.slope[44] = 1.0;
crdc1.pad.slope[45] = 1.0;
crdc1.pad.slope[46] = 1.0;
crdc1.pad.slope[47] = 1.0;
crdc1.pad.slope[48] = 0.902146;
crdc1.pad.slope[49] = 0.944843;
crdc1.pad.slope[50] = 0.905821;
crdc1.pad.slope[51] = 1.0;
crdc1.pad.slope[52] = 0.922416;
crdc1.pad.slope[53] = 0.908014;
crdc1.pad.slope[54] = 1.0;
crdc1.pad.slope[55] = 1.05486;
crdc1.pad.slope[56] = 0.97084;
crdc1.pad.slope[57] = 0.950685;
crdc1.pad.slope[58] = 1.0;
crdc1.pad.slope[59] = 0.933068;
crdc1.pad.slope[60] = 1.0;
crdc1.pad.slope[61] = 0.885985;
crdc1.pad.slope[62] = 1.05536;
crdc1.pad.slope[63] = 1.0;
crdc1.pad.slope[64] = 1.0;
crdc1.pad.slope[65] = 1.15057;
crdc1.pad.slope[66] = 1.02127;
crdc1.pad.slope[67] = 1.09905;
crdc1.pad.slope[68] = 1.10493;
crdc1.pad.slope[69] = 1.17927;
crdc1.pad.slope[70] = 1.20118;
crdc1.pad.slope[71] = 1.18593;
crdc1.pad.slope[72] = 1.06947;
crdc1.pad.slope[73] = 1.04491;
crdc1.pad.slope[74] = 1.02399;
crdc1.pad.slope[75] = 1;
crdc1.pad.slope[76] = 1.01219;
crdc1.pad.slope[77] = 1.02382;
crdc1.pad.slope[78] = 1.05755;
crdc1.pad.slope[79] = 1.04489;
crdc1.pad.slope[80] = 1.16278;
crdc1.pad.slope[81] = 1.10612;
crdc1.pad.slope[82] = 0.972317;
crdc1.pad.slope[83] = 0.965554;
crdc1.pad.slope[84] = 0.975086;
crdc1.pad.slope[85] = 0.97133;
crdc1.pad.slope[86] = 1.01659;
crdc1.pad.slope[87] = 1.03326;
crdc1.pad.slope[88] = 0.918512;
crdc1.pad.slope[89] = 0.959263;
crdc1.pad.slope[90] = 0.926406;
crdc1.pad.slope[91] = 0.92839;
crdc1.pad.slope[92] = 0.881084;
crdc1.pad.slope[93] = 0.882139;
crdc1.pad.slope[94] = 0.879682;
crdc1.pad.slope[95] = 1.0;
crdc1.pad.slope[96] = 1.0;
crdc1.pad.slope[97] = 1.0;
crdc1.pad.slope[98] = 1.0;
crdc1.pad.slope[99] = 1.0;
crdc1.pad.slope[100] = 1.0;
crdc1.pad.slope[101] = 1.0;
crdc1.pad.slope[102] = 1.0;
crdc1.pad.slope[103] = 1.0;
crdc1.pad.slope[104] = 1.0;
crdc1.pad.slope[105] = 1.0;
crdc1.pad.slope[106] = 1.0;
crdc1.pad.slope[107] = 1.0;
crdc1.pad.slope[108] = 1.0;
crdc1.pad.slope[109] = 1.0;
crdc1.pad.slope[110] = 1.0;
crdc1.pad.slope[111] = 1.0;
crdc1.pad.slope[112] = 1.0;
crdc1.pad.slope[113] = 1.0;
crdc1.pad.slope[114] = 1.0;
crdc1.pad.slope[115] = 1.0;
crdc1.pad.slope[116] = 1.0;
crdc1.pad.slope[117] = 1.0;
crdc1.pad.slope[118] = 1.0;
crdc1.pad.slope[119] = 1.0;
crdc1.pad.slope[120] = 1.0;
crdc1.pad.slope[121] = 1.0;
crdc1.pad.slope[122] = 1.0;
crdc1.pad.slope[123] = 1.0;
crdc1.pad.slope[124] = 1.0;
crdc1.pad.slope[125] = 1.0;
crdc1.pad.slope[126] = 1.0;
crdc1.pad.slope[127] = 1.0;
