crdc2.pad.slope[0] = 0.0;
crdc2.pad.slope[1] = 0.0;
crdc2.pad.slope[2] = 0.0;
crdc2.pad.slope[3] = 0.0;
crdc2.pad.slope[4] = 0.0;
crdc2.pad.slope[5] = 0.0;
crdc2.pad.slope[6] = 0.0;
crdc2.pad.slope[7] = 0.0;
crdc2.pad.slope[8] = 0.0;
crdc2.pad.slope[9] = 0.0;
crdc2.pad.slope[10] = 0.0;
crdc2.pad.slope[11] = 0.0;
crdc2.pad.slope[12] = 0.0;
crdc2.pad.slope[13] = 0.0;
crdc2.pad.slope[14] = 0.0;
crdc2.pad.slope[15] = 0.0;
crdc2.pad.slope[16] = 0.0;
crdc2.pad.slope[17] = 0.0;
crdc2.pad.slope[18] = 1.29191;
crdc2.pad.slope[19] = 1.29163;
crdc2.pad.slope[20] = 1.2643;
crdc2.pad.slope[21] = 1.27824;
crdc2.pad.slope[22] = 1.28807;
crdc2.pad.slope[23] = 0.0;
crdc2.pad.slope[24] = 0.0;
crdc2.pad.slope[25] = 1.29954;
crdc2.pad.slope[26] = 1.29416;
crdc2.pad.slope[27] = 1.27477;
crdc2.pad.slope[28] = 1.2498;
crdc2.pad.slope[29] = 1.35201;
crdc2.pad.slope[30] = 0.0;
crdc2.pad.slope[31] = 0.0;
crdc2.pad.slope[32] = 0.0;
crdc2.pad.slope[33] = 1.17917;
crdc2.pad.slope[34] = 1.04072;
crdc2.pad.slope[35] = 1.03286;
crdc2.pad.slope[36] = 1.048;
crdc2.pad.slope[37] = 1.04604;
crdc2.pad.slope[38] = 1.05882;
crdc2.pad.slope[39] = 1.05293;
crdc2.pad.slope[40] = 1.04931;
crdc2.pad.slope[41] = 1.04005;
crdc2.pad.slope[42] = 1.03229;
crdc2.pad.slope[43] = 1.04172;
crdc2.pad.slope[44] = 1.02066;
crdc2.pad.slope[45] = 1.03291;
crdc2.pad.slope[46] = 1.03686;
crdc2.pad.slope[47] = 1.06294;
crdc2.pad.slope[48] = 1.09211;
crdc2.pad.slope[49] = 1.12483;
crdc2.pad.slope[50] = 1.10607;
crdc2.pad.slope[51] = 1.09232;
crdc2.pad.slope[52] = 1.08445;
crdc2.pad.slope[53] = 1.07815;
crdc2.pad.slope[54] = 1.07312;
crdc2.pad.slope[55] = 1.05703;
crdc2.pad.slope[56] = 1.06594;
crdc2.pad.slope[57] = 1.05847;
crdc2.pad.slope[58] = 1.04909;
crdc2.pad.slope[59] = 1.0488;
crdc2.pad.slope[60] = 1.05007;
crdc2.pad.slope[61] = 1.05038;
crdc2.pad.slope[62] = 1.06275;
crdc2.pad.slope[63] = 1.06083;
crdc2.pad.slope[64] = 0.96712;
crdc2.pad.slope[65] = 0.974488;
crdc2.pad.slope[66] = 0.935736;
crdc2.pad.slope[67] = 0.929443;
crdc2.pad.slope[68] = 0.915459;
crdc2.pad.slope[69] = 0.909421;
crdc2.pad.slope[70] = 0.905297;
crdc2.pad.slope[71] = 0.89445;
crdc2.pad.slope[72] = 0.894563;
crdc2.pad.slope[73] = 0.903621;
crdc2.pad.slope[74] = 0.885452;
crdc2.pad.slope[75] = 0.881259;
crdc2.pad.slope[76] = 0.874877;
crdc2.pad.slope[77] = 0.886704;
crdc2.pad.slope[78] = 0.911329;
crdc2.pad.slope[79] = 0.946923;
crdc2.pad.slope[80] = 1.06009;
crdc2.pad.slope[81] = 1.06178;
crdc2.pad.slope[82] = 1.01835;
crdc2.pad.slope[83] = 1.02467;
crdc2.pad.slope[84] = 1;
crdc2.pad.slope[85] = 1.02244;
crdc2.pad.slope[86] = 1.00082;
crdc2.pad.slope[87] = 0.992985;
crdc2.pad.slope[88] = 0.9704;
crdc2.pad.slope[89] = 0.99612;
crdc2.pad.slope[90] = 0.98051;
crdc2.pad.slope[91] = 0.976324;
crdc2.pad.slope[92] = 0.988011;
crdc2.pad.slope[93] = 0.989504;
crdc2.pad.slope[94] = 1.008;
crdc2.pad.slope[95] = 1.03185;
crdc2.pad.slope[96] = 1.07145;
crdc2.pad.slope[97] = 1.11348;
crdc2.pad.slope[98] = 1.11343;
crdc2.pad.slope[99] = 1.12486;
crdc2.pad.slope[100] = 1.1006;
crdc2.pad.slope[101] = 1.11286;
crdc2.pad.slope[102] = 1.12751;
crdc2.pad.slope[103] = 1.12948;
crdc2.pad.slope[104] = 1.12795;
crdc2.pad.slope[105] = 1.13034;
crdc2.pad.slope[106] = 1.14952;
crdc2.pad.slope[107] = 1.14859;
crdc2.pad.slope[108] = 0.642232;
crdc2.pad.slope[109] = 1.14891;
crdc2.pad.slope[110] = 1.13661;
crdc2.pad.slope[111] = 1.0974;
crdc2.pad.slope[112] = 1.02268;
crdc2.pad.slope[113] = 0.988727;
crdc2.pad.slope[114] = 0.94898;
crdc2.pad.slope[115] = 0.955227;
crdc2.pad.slope[116] = 0.961107;
crdc2.pad.slope[117] = 0.957627;
crdc2.pad.slope[118] = 0.973474;
crdc2.pad.slope[119] = 0.975477;
crdc2.pad.slope[120] = 0.974352;
crdc2.pad.slope[121] = 0.977487;
crdc2.pad.slope[122] = 0.970606;
crdc2.pad.slope[123] = 0.963019;
crdc2.pad.slope[124] = 0.959492;
crdc2.pad.slope[125] = 0.971245;
crdc2.pad.slope[126] = 1.42077;
crdc2.pad.slope[127] = 0.0;
